rot:
  max: 5.501117397610653
  mean: 4.323967014671136
  median: 4.310179295974665
  min: 3.5748019064119685
  num_samples: 2840
  rmse: 4.344933701644778
  std: 0.4263310072286245
scale:
  max: 9.2825909521842
  mean: 1.7311932354689377
  median: 0.9788601798329855
  min: 1.8644085342245376e-05
  num_samples: 2840
  rmse: 2.5192441726086123
  std: 1.8301806420922067
trans:
  max: 0.39013001529261065
  mean: 0.1252492751800141
  median: 0.09881646934627049
  min: 0.020384118241037807
  num_samples: 2840
  rmse: 0.14539186677869334
  std: 0.07383369144418016
